"","AUM","x1","x2","x3","x4"
"1",2412.72705992471,1,0,38.8866866314573,59585.2933843402
"2",3445.5082590754,1,0,44.1764395970925,69632.7139194471
"3",5321.27921636763,0,0,60.9005983089078,92942.1923532813
"4",229.824508148566,0,1,41.812292195337,88269.1176072933
"5",4329.09007858072,1,0,36.1406291695847,99612.7604222606
"6",1288.62160037972,0,1,34.4222308941262,87707.1611089494
"7",5767.75643816171,1,0,42.2045823884295,100265.997133687
"8",5107.78922280763,1,0,46.3932188578444,66083.1867238962
"9",2635.75398968793,1,1,33.8429189434424,88042.5572815157
"10",427.958518477638,1,0,36.7738024820231,52106.0310770651
"11",5047.79697408028,1,0,54.1806732321365,69395.1782410685
"12",167.592437078449,0,1,41.8677462094048,39270.2926688851
"13",3694.76492498937,1,1,31.3733358216937,122657.275145527
"14",2797.15724953408,1,0,36.0425910554561,63522.3928695339
"15",1724.24725670863,1,0,41.3145566912369,63797.2602273009
"16",6211.27880316078,1,0,39.1812839442385,116922.463591315
"17",3412.68482230106,1,0,39.2619274943005,72406.0870222172
"18",892.655925228186,0,0,40.1881145799897,73240.6751122879
"19",2791.9370153522,0,1,53.3510158952129,78016.4723548151
"20",1525.27783826937,0,1,51.2622855495709,77783.545835561
"21",1116.96053198911,0,1,41.2079197890674,74950.3953350023
"22",3511.05817335654,0,0,46.9712280822499,87943.5554337172
"23",2208.1023229499,0,1,57.614815021164,48256.9715679811
"24",2520.29446353476,0,1,48.4940036151704,73748.5400479665
"25",2059.77713707843,0,1,49.4198922927028,66721.2571709593
"26",2820.88435142312,0,1,49.8249837586658,87556.2707285615
"27",774.642631999488,0,1,32.8071126157967,85773.8715747709
"28",715.846078394884,0,1,40.21958114193,72027.8685543232
"29",4387.7273663329,1,0,51.2882144105434,79304.7388018346
"30",-2099.92678303905,0,1,28.1413488450553,27539.3299757693
"31",4762.0632687198,1,0,46.5895561841675,101957.724713963
"32",3218.74285124482,0,0,40.1364512689033,80348.4465710696
"33",2889.54251001395,1,0,33.2585464957429,75594.283837019
"34",5656.56850879197,1,0,43.4875007454399,87672.8483265232
"35",2239.86625348536,0,1,32.3305505912112,92261.3101686679
"36",3143.87012212477,1,0,30.9042510787767,89265.9554681825
"37",2313.26472590609,1,0,34.4876252639144,86454.7594305094
"38",3757.85285218233,1,0,43.2657253534295,75053.4076317816
"39",2593.79605896938,1,1,38.2462481179658,69545.3860587647
"40",1411.06980629915,0,1,36.3284393452429,72754.5212040652
"41",3570.41142892464,0,1,49.1528501954419,91174.991437672
"42",2195.91939408973,0,0,40.405496284759,72220.7930689978
"43",121.36094357017,1,1,35.5112358960761,52745.0650664785
"44",1507.82351179981,1,0,38.5952789060832,41791.4101199105
"45",2807.53320129972,1,0,38.4642243874785,64595.4918990659
"46",2960.12119633743,1,0,39.9834715038597,87191.7651326291
"47",3050.32102050042,1,1,26.468252361702,93053.151017848
"48",1269.54017577107,0,1,32.1800643884287,89538.7793665867
"49",4020.11950517081,1,0,29.3500514039729,109860.595477839
"50",2304.94547786313,1,0,31.2219720031617,73112.1014684218
"51",1884.9721464669,0,1,45.9895759796872,100241.235262034
"52",4963.14036237044,1,0,56.9239918983248,80263.5240160622
"53",5536.59145535871,0,0,49.770032070646,114325.55154451
"54",1360.33296273945,1,0,38.4476221189405,43910.2850561597
"55",4882.0115693811,0,1,62.9942785809108,78810.4497484156
"56",8691.1100808276,0,0,59.3347775460994,120845.454250442
"57",2905.58286970156,0,1,43.069351192831,96793.2292553593
"58",2501.83204439902,1,0,48.2903803175589,49539.2780906431
"59",6613.32414353722,0,0,60.9901654587063,106886.95037166
"60",1556.79323749233,1,0,23.2273816585592,78586.1530623356
"61",4891.97424387485,1,0,41.5813459434349,104154.771307455
"62",4763.84500719304,1,0,33.6301669927831,96552.2582708451
"63",2961.30382532749,0,1,52.2584883812256,86005.9723291439
"64",992.502278788762,0,1,42.6996157752649,88583.738464532
"65",4648.92325045417,1,0,46.5667284698759,80764.9742127193
"66",3115.16151427533,1,1,53.0134134653064,65292.1517564161
"67",592.507430597639,0,1,38.4293005208172,85848.9883420351
"68",4855.88748542396,0,0,22.3955534972047,139278.90465304
"69",-1420.2621661379,0,1,24.6659378087694,67350.1899648141
"70",3325.09771626918,1,1,44.1426523235598,78509.4895580079
"71",5379.622284586,1,0,47.1743962771931,107962.573013057
"72",4010.95724861347,0,0,53.254776040223,71391.610638076
"73",-240.380696709339,0,1,52.8051268092388,28325.3597677826
"74",4524.38991945499,1,0,37.9206229278255,94259.8341074561
"75",3226.47437332051,0,0,51.5970059992775,73087.5901665306
"76",4460.7465275279,1,0,49.7239290265681,77480.6767554178
"77",4581.23717409055,0,1,56.424923709621,108550.575519214
"78",7592.72835075203,1,0,65.1873248965759,103326.269571676
"79",-512.167623474731,0,1,35.7444634011583,44480.7266635123
"80",8048.88495969307,1,0,57.0588921901995,99574.3885442045
"81",667.677408367912,0,1,44.1686416817771,63040.5504162417
"82",5408.18478668953,1,0,40.1271117165504,112484.348960073
"83",928.01900277731,1,1,27.4629717116864,94368.5276799335
"84",2367.54973785929,0,0,37.1115011416289,89304.7767164451
"85",4259.34286310343,1,1,38.3853966928165,108697.133543792
"86",2635.71138607702,1,0,43.9288356949833,54902.4955657273
"87",5982.93710979234,1,0,40.6851665174585,121046.58165899
"88",4614.77339372923,0,1,65.4527803493927,70410.6109518111
"89",4872.6948344279,1,0,52.4925807796638,76846.4269175747
"90",2303.10695179124,0,1,32.0717829360728,105384.17117406
"91",5625.41476353024,1,0,56.3030316611954,88470.1666509189
"92",3242.3884911343,0,0,49.4166797088203,68495.8957875548
"93",632.798608333032,0,1,23.2309803785104,90798.3639943143
"94",3252.3857622655,1,0,47.0507809112666,68442.5428075493
"95",3291.40884888307,1,0,25.458779051248,115615.967901932
"96",4815.08740209833,0,1,52.0818802165568,109555.479760827
"97",15.9621672533631,0,1,28.6183519668752,67722.763420245
"98",1423.7127823126,1,0,31.751350971395,48185.1789327546
"99",5741.67907505666,1,0,57.0747426418383,79734.1438491925
"100",4524.79528356343,1,0,47.6986388821467,91395.8407727666
"101",2448.49396131385,1,0,44.3119567032926,54813.6732789496
"102",4054.29006240574,1,0,47.2857890285194,64009.8774146666
"103",5372.17157677982,1,0,46.2149319244708,87920.4660228312
"104",4259.02866873335,1,0,51.4261684322758,81332.2243554205
"105",4911.06050460216,1,0,49.8439907624482,91198.2650083748
"106",2812.58456225901,0,1,38.9105200236145,99314.8704763288
"107",1290.52559267966,1,1,42.0980157449313,65035.3256843485
"108",2428.10372508471,0,0,35.3129172786645,79763.4486508525
"109",3334.14625104444,0,1,39.0446926962039,111961.875652553
"110",1599.63469067954,0,1,36.8553966551326,74703.270123003
"111",5929.48165108121,1,0,56.3325074076814,88741.3337947798
"112",1497.3025450685,1,1,36.6666467215114,69484.0067319928
"113",5766.77634911334,1,0,45.7636867752451,108480.124050064
"114",3925.52883108609,0,1,32.3772314638503,132941.795492551
"115",3761.39500482773,1,1,40.4072922696265,85722.3561184918
"116",6157.94251556279,1,0,52.2964667092588,90529.1594671869
"117",2556.77318763361,0,1,43.6804331155933,82561.8036883269
"118",2661.62159514035,1,1,31.8392293100083,90576.0747722771
"119",2574.65757093866,0,1,52.2103511253412,86628.615706456
"120",5473.64070686893,0,1,64.6883100346922,79669.6238941136
"121",466.473593869562,1,0,26.2505696943917,65209.5444992479
"122",2709.62373393479,0,0,47.1549887018862,76712.4438134973
"123",5801.77537718777,1,0,46.4909697127774,104436.414631883
"124",2814.00247246311,0,1,47.748419674807,76749.9944200282
"125",2406.21008740869,1,0,30.5076660606734,87430.913517408
"126",2786.53762417099,0,1,41.0460244267595,77413.6104205319
"127",-77.2321935438795,0,1,42.0876604223006,55954.7553859653
"128",2496.58631311975,1,1,31.9622634441419,95483.9870395273
"129",5398.78984111856,1,0,40.3268886712536,110769.100191982
"130",2673.42327531989,1,0,51.9751405929681,45799.4895880175
"131",5085.16664372914,0,0,55.4885336901709,86864.3758195433
"132",5427.93568831427,1,0,41.4421037006994,87127.0841538178
"133",2910.01501485056,0,0,34.976745400014,93476.7654872576
"134",-371.51353789395,1,1,27.2401178865836,56131.5200327909
"135",5402.73187827167,1,0,48.9555391683212,98017.7192775251
"136",1022.70202588476,1,0,27.3571436142779,66035.8586068134
"137",3085.81313703427,1,0,41.8346412918219,57375.6336102308
"138",3486.43518201522,1,1,39.4389840043091,87190.3809392976
"139",3967.92925723278,0,0,46.1557346264963,92280.8066166082
"140",4116.66919914617,0,0,52.6242457435337,74320.4555717074
"141",-1084.31557783542,1,0,34.9592667519346,60175.1809959687
"142",-1268.3573178534,0,1,35.9637333478321,73416.6743349238
"143",170.770544337258,0,1,26.5275411870847,87701.8937655917
"144",4234.07919878396,0,1,54.2263440362055,79373.6780648252
"145",828.469495001607,0,1,36.2674875768992,95267.4118598463
"146",3888.80648377575,1,0,36.0884338070612,69135.7343990754
"147",655.257512057153,0,1,27.6717959167047,68835.3406828422
"148",3183.83325020469,0,0,42.3185745626279,73403.2548407985
"149",3922.88969361794,1,0,34.7301357079347,73434.3845794457
"150",5549.45425744396,1,0,34.9141070755101,115404.984259363
"151",4853.70494743884,1,0,45.634386996445,82603.0297946143
"152",2947.70463145594,1,0,34.5976738058452,74674.9157050463
"153",1509.1089491693,0,0,37.3476755971774,73623.0363692325
"154",-299.888979100535,0,0,30.1284991740819,62471.8499057452
"155",2084.74685543621,1,1,37.7977441491693,79501.5515694313
"156",2843.83043559788,1,1,44.0496198785437,84288.0947777356
"157",74.8253791473744,0,1,46.9806595836423,27536.2181219902
"158",6349.11540860527,1,0,46.2810896335331,100585.855261152
"159",1633.37570353919,0,1,48.7430883404648,60663.2914472611
"160",2343.57636193553,1,0,39.1903682493697,65638.3233814262
"161",3498.87132499941,1,0,55.8754020514247,50629.9571861109
"162",3851.85285837686,0,1,52.4816223007073,95150.4260960884
"163",2526.92282966846,0,0,45.3367280883318,69963.3176717137
"164",2560.28470338446,0,1,56.1629564586221,63689.1190972466
"165",2007.5351998072,1,0,33.7742832106021,78945.185662766
"166",123.440447809761,0,1,27.9392439485866,69873.781277101
"167",1458.76742061414,1,0,31.2484558786818,73231.7666362382
"168",4976.76174624288,0,0,51.734924439267,90607.1978166847
"169",-333.831767004877,1,0,37.3017056193748,25392.6199955903
"170",2979.20813478784,0,1,48.7338628995774,76789.1816118486
"171",4478.04341878471,1,1,54.4602276278342,82768.8654125848
"172",3863.01359966517,1,0,53.1405128235838,83226.4934616053
"173",-1619.43669789179,1,1,25.6713079496099,52362.3568723601
"174",867.664283971135,1,1,31.3889756049185,68903.2515303906
"175",4154.8429445736,1,0,39.8710011251892,80500.8254639407
"176",1218.34612443319,0,1,31.2193409773589,75829.2605639918
"177",1093.22513774492,0,1,36.4728574654258,68952.6757499746
"178",3897.79555387448,1,0,46.5482310967691,64901.1046254685
"179",4070.81654074552,1,1,49.2444955650324,92372.1375002411
"180",5654.69464847556,0,0,54.1868123310929,79254.2291301287
"181",2341.80580190614,1,1,45.5188284605957,65617.5679135249
"182",284.94741140863,0,1,26.6375937600338,103886.374689417
"183",3978.50374427621,0,1,33.5959074809471,121504.963442131
"184",870.985511255409,1,0,44.511442634688,20332.3424166345
"185",2738.59496536112,0,1,45.1673834554932,93964.7558330949
"186",4762.99285295846,1,0,61.9864205577582,44887.7645589962
"187",3264.14284629857,1,1,56.2389202290679,68531.7882048174
"188",3761.5441986173,0,1,44.9751878313267,105620.760898445
"189",5776.14742659251,1,1,53.3131309468453,94449.9592019678
"190",2299.30388515746,0,0,37.2328090692891,78508.8540346791
"191",1429.03589984812,1,0,37.0084801812177,48867.7658953691
"192",874.00690304375,1,0,21.4480033232135,85331.6968832828
"193",4152.85435510599,1,1,50.6069480598546,90160.4525054094
"194",9164.10431156825,1,0,59.1306556344424,127970.340231945
"195",3743.76715840885,1,0,36.7552584617361,78607.4381403016
"196",8908.09137281757,1,0,69.824889424926,97235.196049773
"197",4494.58410496198,0,0,41.7375736115788,92518.4515697182
"198",920.053283446475,0,1,37.5619721488379,72905.1454347372
"199",-883.694255729987,1,1,32.9403491099916,40599.4775199287
"200",4609.86588101024,0,0,49.2140773793432,86602.1060002019
"201",5292.14221071866,0,1,54.6793744509533,89687.9348912313
"202",2619.28692758019,0,1,39.7635548606946,95495.4295308031
"203",2209.24227296301,0,1,41.7548988137746,101947.301915212
"204",1040.91421302546,0,1,26.8480004811892,95182.0323812634
"205",1867.06522992515,1,0,35.9061572115786,41665.6491262684
"206",4416.47452653984,0,1,52.2701243021463,94800.0044493634
"207",5920.30974048318,1,0,47.9474192646915,100557.160389781
"208",3757.74556997734,1,0,45.1597692809867,74973.7624699396
"209",3374.21470851149,0,0,41.6706395476199,78573.4639501424
"210",-244.867305224805,0,1,23.8909146292492,79830.5736861585
"211",813.268258659779,0,1,33.9807996395631,69446.3370318384
"212",-1795.56753635685,0,1,34.1995339893811,51964.5022680538
"213",5382.93919912269,0,0,53.0752012075714,76147.1276157528
"214",1078.18889764644,1,0,35.6076721125381,34001.5697292522
"215",6747.86114561433,0,1,48.3349649760426,126932.512851044
"216",3201.9172628258,1,1,40.1724630009537,88820.5929075837
"217",1799.82113133346,1,1,40.9888437778521,70433.0072989136
"218",976.716739656582,0,1,42.6234337938095,74499.1548000194
"219",4841.21629101917,1,1,58.9088936764928,59841.115727979
"220",1005.58730619207,0,0,28.2430103341465,77391.7467203419
"221",3209.63638765702,1,0,30.7989129474017,105691.330680363
"222",4168.89439655107,0,1,46.2524370165126,97248.0368985793
"223",7472.26854191339,0,0,61.3672155960468,112225.789442457
"224",5650.3308597502,1,0,32.6885219741745,123491.499162284
"225",4835.66951527975,1,0,57.7741425964748,69894.7800458685
"226",4110.95609404839,1,0,46.3249185647228,65110.6589245257
"227",3366.16715208045,1,0,48.1824602320946,49204.8048154562
"228",3387.08475656574,1,0,32.4588760817008,87140.7726757944
"229",2283.847456074,0,0,42.9580107938632,68221.277675201
"230",-25.5167328483449,0,0,30.7766334734379,50296.5111490239
"231",2078.35141560911,1,0,36.8482093572789,66028.769477571
"232",850.422237514397,0,1,36.6647384778418,84861.1593871592
"233",7853.64335566577,1,0,68.0272180332513,104059.420038461
"234",2533.84849227095,0,1,41.8920520253997,75801.6536672753
"235",270.960456108398,0,0,29.7500284729465,66126.725295911
"236",2627.19557920812,1,1,31.7627550903419,90523.9142237816
"237",5717.81590351437,1,0,47.8753465859814,109203.658146573
"238",2.67283580545336,1,1,27.8278050535304,56166.9468515738
"239",5094.89237592025,0,0,56.4925187357773,83908.70469459
"240",3746.68836501876,0,0,43.9690917436983,83960.1465794748
"241",5643.70143239989,1,0,59.7449373014919,68836.3294807983
"242",3337.28139637364,0,0,41.2663137417745,95454.9210007517
"243",5093.73405761361,1,1,49.3963280380427,89686.9775252548
"244",7390.32988115537,1,0,43.186610973757,131535.031590182
"245",6206.02185108417,1,0,39.2660453673805,107013.256343531
"246",6756.93371174545,1,0,55.9630764723349,84080.2308337436
"247",3552.2351379298,0,1,45.0821378369051,97471.0033835176
"248",6144.39226427841,1,1,54.3480216376754,103535.345293496
"249",5282.33848193888,0,0,49.7689618450113,109638.707668799
"250",1712.66748177563,0,1,44.9270455208399,72766.5113874476
"251",4233.26904342602,0,0,37.8901192395195,105032.279740852
"252",2201.42894215605,1,0,43.5791884985731,48208.2628144474
"253",6580.81629289845,1,0,46.7147077701927,96362.7282996989
"254",3835.20984856829,0,1,48.5497209735951,85860.3103953141
"255",2317.69869351906,0,1,57.4655520277179,67410.246274085
"256",4456.1708732403,0,1,60.578194098993,68831.4251556282
"257",2675.27647442627,1,1,20.3308738931929,123070.090230467
"258",1753.21841449215,0,1,32.9151046953007,83179.9792994973
"259",3735.61136297408,0,1,45.3379431185526,104416.280992954
"260",2690.28657758082,1,0,30.6685445912213,85326.0292566501
"261",4121.90827249069,0,0,43.8507370842196,87354.0745210964
"262",4259.04794147689,1,1,55.0598929915734,72720.8096620282
"263",5411.6340723448,1,0,50.7523448163334,87760.5450083741
"264",3607.10885972956,0,0,45.5784806552468,82264.0711583938
"265",1043.16376297318,0,1,35.4151741178084,75016.3223669229
"266",2783.98432211962,1,1,47.873189885222,75818.5465035222
"267",4722.45719261278,0,1,62.6870836213402,96417.4046059427
"268",5007.30527684967,1,0,40.0631850579801,115332.7135007
"269",3979.08353671927,0,1,44.5509004434056,97697.2133033571
"270",954.103184598343,1,1,25.5084257235801,87194.560239955
"271",-1821.6628144222,0,1,22.1941475531776,46861.8791818246
"272",4264.52560855839,1,1,50.9857232865187,74772.0996324915
"273",1313.60916543853,0,1,42.9707457463789,55659.8739698334
"274",1305.53995705603,0,1,38.6834098559991,62138.4549355422
"275",876.840596620328,1,0,37.5111605912397,48027.9915456462
"276",1955.51826054939,0,1,52.1835193466662,56835.9631227927
"277",4689.93718960411,0,0,45.547746478514,103258.865006905
"278",-29.0860945697605,0,1,29.6654360686701,79778.9916483496
"279",3980.57780650547,1,0,46.6136915642669,62113.3490292874
"280",2948.25794950676,1,0,33.0702607804353,100111.004818213
"281",1374.87154525329,0,1,40.0979649039753,71712.9439424924
"282",3731.97875394543,1,0,44.6190938008317,60948.7969695289
"283",597.711988577753,0,0,25.998791605983,81008.6123293095
"284",3904.77130939846,1,0,46.2216777508424,59153.2587343844
"285",2799.73673643114,0,1,41.8289154900939,72040.5096724008
"286",115.472520809151,1,0,41.6752180579718,22781.9261206554
"287",1703.49384274266,0,1,49.6404656641903,46899.2275527338
"288",863.405617322425,0,0,34.6671510905046,63338.283861584
"289",4734.781779772,0,1,43.7387834678001,118580.858197381
"290",-487.174399982119,1,1,47.0564341752907,14182.8779565442
"291",3537.44047761871,0,1,43.9570208494021,93701.5714765398
"292",548.778433529475,1,0,27.6217409821492,45566.4663285393
"293",2866.45646614621,1,1,30.1268956855104,98668.3292022595
"294",2999.023557812,0,1,47.6792261580222,76324.7925559694
"295",4628.08750665867,0,1,58.7587147610506,89294.1008888682
"296",4185.23479576972,0,1,53.3261797957939,92561.7616910732
"297",5001.70723654885,0,1,48.7031255442784,95492.3410404626
"298",5417.21102969092,1,0,59.2767911587411,68792.3932242762
"299",4117.17813169577,1,0,47.1171172954104,68184.8387232599
"300",3035.76906410838,0,0,42.7801951223926,82263.4316099158
"301",3717.08152529471,0,1,46.2798533136068,99357.9569688632
"302",3334.21405174797,1,0,51.6036575078754,66239.4550295415
"303",3722.01456521729,1,0,35.295524926939,86786.3994363529
"304",4335.52605782988,0,1,48.4872305367904,96872.5635789657
"305",4919.96377827894,0,1,47.6280381183457,101309.946274605
"306",2771.83926243946,1,0,40.5837523663233,62125.3267513707
"307",2799.41350477861,0,1,43.9253885048582,94933.4473326714
"308",-49.7316708104599,0,1,49.4458606501391,44229.5741397428
"309",2543.05232387254,0,1,58.8413613930554,72976.7144753442
"310",3222.73123075196,1,0,31.4181207321993,84590.8106218962
"311",3739.69861275748,1,0,43.1012061321408,65879.3289426657
"312",2568.71874600449,0,1,42.4914333280733,100642.341810019
"313",4650.09996086769,1,1,38.8760868481883,103695.900504662
"314",36.6080997414742,0,1,31.6199584900312,59853.6536577096
"315",1183.8847457569,0,1,39.2695972331601,64529.2104389805
"316",3256.97585413177,1,0,44.0945996735982,66890.9663406697
"317",4295.66944768834,1,0,37.5260432945522,97243.6702932437
"318",-135.689665185818,0,1,45.572292869126,49233.634361233
"319",915.503415367633,0,1,51.4534546783487,56646.2072076157
"320",3010.49097787071,1,1,40.8269117276819,75981.1270288822
"321",2686.21757143292,0,1,36.0953257878272,105010.427201351
"322",787.914322758385,0,1,26.4309348452121,98109.2118768543
"323",4312.76255113822,1,0,38.3366338179705,89696.9105447891
"324",3116.42260028185,1,0,53.2075758368938,53092.3864912482
"325",4767.77201050013,1,0,39.0601070892107,83894.990811787
"326",2447.87045961123,1,0,39.1593266613641,87553.3485005408
"327",2327.27236941043,1,0,37.2781840009768,74176.4606451994
"328",3752.81845024635,0,0,51.8729673417345,86195.8847221179
"329",2762.59579953888,0,1,25.3206781539054,106160.076390284
"330",4990.59111697385,1,0,48.4316223988966,75891.0610964877
"331",1529.62736882524,0,1,42.1800101831005,65740.2850015487
"332",2871.86312205698,1,1,33.7691713875775,96750.3031082042
"333",3206.44990362731,0,1,37.1420748141912,96263.2067593557
"334",6786.21613122303,1,0,44.0981916607387,88904.6757986049
"335",-68.7426874222797,0,1,39.3282666268796,79930.5305528971
"336",3844.44584381927,1,0,57.2053156740868,66085.1132562405
"337",2343.21372359313,1,0,39.999191682498,59031.8937361081
"338",-555.115849508466,0,1,40.7885879896462,32757.6077909632
"339",4964.30007756916,1,1,52.2410131927586,84355.1244941133
"340",5686.53623355047,1,0,38.400654553086,123829.745774249
"341",2016.4694152749,0,1,29.5825421228389,82231.442126893
"342",3114.69196141798,0,1,46.0954867006825,70334.6453571197
"343",4299.67797118941,0,1,57.5511129089294,75865.5202110287
"344",5990.0121784789,1,0,43.8667325305221,91712.241685124
"345",5012.18101512539,0,1,53.1196846044126,96608.0862819863
"346",3811.40813472964,1,0,40.88030795008,77431.9837676546
"347",5286.26580361674,1,0,56.0635107450102,94762.8797207035
"348",-1774.90044428606,0,1,30.1311685083954,53836.5264048045
"349",5202.06730833932,1,0,49.6017215174868,86445.8156944623
"350",1018.19751802769,0,1,35.6436187782448,76604.1375044314
"351",5765.00321858612,1,0,37.0738039717454,106580.268541357
"352",3285.314024714,0,0,46.4336728616263,78017.7251983617
"353",281.116084283067,0,1,38.2677381789129,67255.3803922797
"354",1895.26547577554,0,1,36.5291024481153,70553.01849114
"355",4147.45865046063,1,0,38.2893132514395,70975.8502673668
"356",6923.85409313813,1,0,58.2819061856298,91641.4329897975
"357",-336.227706678298,0,1,40.2719261552948,60914.5081321803
"358",3172.11581563942,1,0,41.0627798518935,67609.3500077212
"359",1604.48696667785,1,0,34.6204336938048,74040.7513624737
"360",5255.36740368082,0,1,50.6895647135129,127543.305211263
"361",4512.78052554258,1,0,46.7624798568486,66607.5288627076
"362",4035.56038584891,1,0,34.9531491673422,96349.1984567489
"363",1053.71174953863,0,1,26.3509970716719,75926.4874956038
"364",35.3898192662928,1,0,30.3307682550821,56215.5846316594
"365",881.244476541693,0,1,43.6317727772786,77795.2924595305
"366",4428.65130847356,1,1,52.9906735552675,79990.9416353153
"367",5025.31616563865,1,0,49.4886125980575,78474.9167410466
"368",4485.64170851426,1,0,44.6747105813988,90587.053981032
"369",-1385.62596802672,0,1,40.3723358270631,35883.8092584452
"370",97.5034780370888,0,1,27.4483274220316,79797.5014929782
"371",7278.93065522856,1,0,56.6330345065086,117032.339318318
"372",4503.26350357588,1,1,43.8679492524296,104030.967287247
"373",7012.58968835784,1,0,50.6045387320595,98113.9792802462
"374",3299.41925803529,1,1,34.6262175048168,96230.9687684069
"375",4824.73643266022,0,1,61.9886501682489,72762.3243805399
"376",3963.33899066051,0,1,51.5379983102279,95737.9887772857
"377",-197.923927292039,0,1,21.0777631368185,59292.0789444959
"378",1939.36558489978,1,1,53.2059716802526,53960.1789251254
"379",4192.51574172095,1,0,48.4985488840452,73436.9464889749
"380",4928.02239527984,1,0,53.1264482799066,74008.3961578012
"381",2716.56420913917,0,1,47.734568217127,92260.7666310179
"382",2058.09190225545,0,1,39.922223910642,91757.2168032452
"383",4199.9710981891,1,0,38.6173905265354,82708.1580225568
"384",3023.65416261706,0,0,35.8755965828656,86148.9893695786
"385",3092.99121956223,1,0,27.5945901989746,94230.6663790992
"386",3976.06907442128,1,0,41.1823661055033,73934.2926996272
"387",3492.34150757238,1,0,38.2742282580403,69385.1798526454
"388",2263.94072124776,0,0,34.1435504243956,82655.2745433441
"389",4949.60164638364,0,1,63.9253512541342,78819.1600258402
"390",5505.92379135278,0,1,55.483461876915,104044.888815121
"391",4277.62192997619,1,1,54.381302327248,80208.9878197529
"392",4380.67373428983,1,0,43.2624949531599,68550.1414962917
"393",3474.941659389,0,1,41.3941360381414,106071.800580083
"394",-1561.56499143656,0,1,35.2617034351913,71444.4421205455
"395",4493.83042902901,0,0,48.0905296210765,92240.5498911475
"396",644.102055183848,0,0,47.4216494056784,31096.9031476401
"397",4350.84826167917,1,0,46.7435480439551,93371.7430671912
"398",7066.55496525405,0,1,64.4793553878161,113384.190864835
"399",5602.43351140452,1,0,32.4107610418367,114466.34033984
"400",4851.02178553177,0,0,57.7222234315187,80886.0936869208
"401",2168.82251080896,0,1,49.3564038487978,83125.8067135396
"402",3742.01010315662,1,0,43.7973010051392,73902.2926158957
"403",-255.873376131341,0,1,38.3409367698161,57482.4371416499
"404",4924.88876452419,0,0,42.3971439466797,106013.643561451
"405",2070.14826123935,0,1,30.8812508845874,102274.803262932
"406",3705.33599272234,1,1,45.8741693916912,83501.3886646855
"407",2115.3985963889,1,0,28.2231346390836,69367.3856132709
"408",4026.76132335762,0,1,53.1058116114879,97362.8043861234
"409",3015.89719996453,0,0,46.0913252264363,61529.9303409976
"410",3375.7254963524,1,0,23.4578827354063,95908.2019811442
"411",1214.00053162664,0,1,43.3163848604944,52825.8817991496
"412",2541.26489169262,1,0,44.7574198457111,56839.8795809584
"413",2266.76677560656,0,0,27.2237147294039,95172.3211986499
"414",5144.12204363655,1,0,32.3823878303657,120849.951435908
"415",2368.84358274553,0,1,33.7845270850401,94054.1825414783
"416",1906.38022934223,1,1,40.7735175062091,57393.5883444621
"417",-626.026608748865,0,1,27.0147247655866,48266.1998580426
"418",4132.69976248159,1,0,51.383457562156,74948.368077375
"419",3953.96696543857,1,0,37.5785006971148,93166.0348951667
"420",4257.78135261728,1,0,47.5064660363728,67432.9475421797
"421",1023.17962626129,0,1,33.398083049096,71328.7937735818
"422",4666.27121111481,1,0,55.1766147226296,46435.7058987838
"423",2213.46118475193,0,1,28.1667957567543,77254.521677436
"424",-740.186021635172,0,1,27.8391833270055,68410.1070096635
"425",4005.7485517358,0,0,45.4866743968972,100080.363025147
"426",1694.54964978459,1,1,44.4339016612453,57257.2971810148
"427",5527.90121314187,1,0,45.686266978602,109872.197184735
"428",3708.86284941482,1,0,30.5578476055167,97394.1379506407
"429",3038.04862614774,1,0,43.9897052589786,65360.7302812196
"430",3481.66270802664,0,1,54.7692447464544,84214.3521975349
"431",1705.29728300657,1,0,42.2826002660295,52203.7561090166
"432",1881.33440765927,1,1,44.1881414465949,58339.539457784
"433",2747.54609056602,1,1,22.6115119801898,120865.308323544
"434",876.233444624304,0,1,31.0914554986872,78793.8624619157
"435",7176.13425265759,1,0,54.013120452336,115500.786484588
"436",3162.6250964973,0,0,31.9698959250636,94365.1470248727
"437",1789.75538037556,0,1,37.2929029457697,72465.0213480446
"438",1410.51133283429,0,0,27.0929153065796,85120.6357626568
"439",1991.4978056137,0,1,32.5328326587536,80005.9847780269
"440",2352.57377123296,0,1,47.4022619153439,88570.4910921246
"441",3196.3270184154,1,1,43.6341808370694,74775.1743521208
"442",3871.42682466155,1,0,45.039087371686,67931.9667643952
"443",5285.00068531513,1,0,44.724849835811,86580.6980138119
"444",4027.89754103368,0,1,51.0400975930004,87356.0767245483
"445",4028.74752023008,0,0,36.781942154038,99079.5009042671
"446",57.4274918552378,1,0,40.8244260199522,28100.6196824379
"447",898.034743001295,0,1,48.7689566598903,49111.3490930386
"448",5960.63369747593,1,1,53.7348664149002,98360.8423313215
"449",4114.98980728598,1,0,50.6798868692626,56401.804637692
"450",-31.4832182598702,1,0,24.9423681895402,42711.3867158129
"451",3047.64118587577,1,0,44.9241806135866,68550.2921174456
"452",5334.07970013861,1,0,57.362325789624,85581.8204062567
"453",2825.64354055326,0,0,44.1019089145591,76643.2759219717
"454",2379.8064388236,1,1,39.4863206254773,80730.4985685717
"455",4140.5077849885,1,0,38.1222472706013,74024.6010850012
"456",3093.7992270849,0,1,41.9624574240987,96749.661171751
"457",1066.97646195985,0,1,40.7591330489615,67903.5696780492
"458",2797.91942221054,0,1,55.7578896341776,69912.9259390179
"459",3418.78991320132,0,1,51.5664594110838,85978.7396366687
"460",2159.31732759672,1,0,36.8158571313968,68464.9084775955
"461",414.731915274855,1,1,41.1942254620672,44395.6622943469
"462",3125.39610353087,0,1,51.016411806827,82296.7189465065
"463",2576.61825723203,0,1,51.749893613698,74795.5854489406
"464",4853.40343087995,1,0,58.1374808504585,68719.7596401707
"465",5722.48973879837,1,0,41.9666114037356,113928.817524127
"466",4919.9885881209,1,0,39.4441384584577,111481.298941099
"467",6120.65178163683,1,1,49.9889858684586,105287.988625329
"468",3194.6589835416,1,0,48.0167714273785,68265.0406038469
"469",3961.23628847639,1,0,49.5816429611016,70092.3437702144
"470",3536.2237149882,0,1,54.4118256875725,83078.6731462533
"471",3459.4310012526,0,0,53.0351474781116,75794.2997435056
"472",122.889050140761,0,0,33.3822479830633,44502.2149943899
"473",2328.85025625493,0,1,49.4761226528111,60936.3253458349
"474",4256.32115547919,1,0,46.9300155841921,70547.3573609048
"475",5756.95280551956,1,0,39.5479641117376,108567.43577121
"476",2364.70831989172,0,1,52.3043865152957,68018.793598711
"477",-1972.22514840845,0,1,29.5114381122642,57423.7083247524
"478",2614.90976363487,1,0,24.8765385769814,94724.208284636
"479",2769.42421279594,0,1,42.5494300889261,97547.1140399502
"480",5310.35785008015,1,1,59.2077945464808,89442.2518877502
"481",3979.86330680954,0,0,38.8824468531631,92240.9875576486
"482",3018.64181081687,0,1,31.8812924957375,102729.271177535
"483",1745.27384028943,0,1,39.0715409493476,75425.4417881084
"484",1947.65497674599,0,1,45.8586519855324,65954.3244909582
"485",5633.1587521614,1,0,59.9723933961014,76705.133255766
"486",3113.92535533974,1,1,31.1597064371785,99512.6113497217
"487",3386.97756170592,0,1,47.5713781937361,82914.2713794293
"488",3201.51553999316,0,0,36.2219370089744,94928.9110728777
"489",627.276096953229,0,1,48.3690924665449,52268.7460580648
"490",2502.16581353854,1,1,38.1460830988897,88036.4101161609
"491",3890.26346313265,0,0,46.710979631559,80452.4499125522
"492",3974.24415677468,1,0,41.2516781268013,89676.1053523959
"493",3551.51053292168,1,0,55.7269968514037,43732.631991955
"494",3819.54471781201,1,1,36.2904293031599,97181.9427653426
"495",3211.11205309303,1,1,43.4110495976733,79734.0462797685
"496",3038.63617346035,0,1,45.883822935681,101421.134485673
"497",6783.32597840766,1,0,55.3664672665336,96749.0313739843
"498",5058.2005410246,1,0,50.3039077992352,86215.5183165322
"499",3430.85519789683,0,0,42.5219132652951,84544.1500309176
"500",2274.89290854562,0,1,60.474592644755,58671.8239732308
"501",2389.42237044498,0,1,24.947455844891,117158.401454279
"502",2068.10817833938,0,0,22.082099895656,100831.353949085
"503",1956.42886598648,0,0,30.0194494139025,78304.7435296321
"504",620.04011191996,0,1,42.8477048507444,57988.5584710227
"505",6153.52779594046,0,1,58.0513306227022,112571.958436575
"506",4547.3306665714,1,0,22.6346945498876,116924.556804238
"507",1589.72715611209,0,1,37.7579330165284,70883.945400194
"508",3558.10834523799,1,0,36.7835905705918,93731.9553192771
"509",-114.673617227902,0,1,33.1520714889559,56261.7083276686
"510",4861.89251456426,1,0,46.8249159125826,83759.4806180366
"511",956.406218586422,0,1,52.514110832484,37621.0008240397
"512",1383.86144540702,0,1,41.082613750429,70791.0430276613
"513",5511.97044482975,1,0,44.3447603480957,78844.652589895
"514",1186.98329924197,1,0,35.578093622046,72354.5503066344
"515",2956.42784324565,1,0,45.5934052218195,77509.6124429412
"516",1837.4232421288,0,1,43.9181622773655,57795.5586857772
"517",-392.654054095652,0,1,34.3644736529798,60226.6367868091
"518",4485.87099928323,1,0,39.9072116083444,93873.3095160888
"519",5144.11109411869,1,0,35.3512038440532,112482.298129883
"520",1278.96297515524,0,1,35.9705437869828,89901.2079423742
"521",1772.04796297553,0,1,30.4535954419033,95708.6357261885
"522",6495.76304951837,1,0,39.3446474531789,113896.196477793
"523",-2152.17271422182,0,1,39.9922071103239,62170.1158726986
"524",3866.14504518183,0,0,45.2966844212777,91934.7354697274
"525",2604.0116398977,0,1,38.1075561937648,83454.7092992971
"526",5258.09476618092,1,0,62.9151423503551,70783.2231448286
"527",4420.85321443042,0,1,63.8708373639598,89768.3407989809
"528",5549.6977098462,1,0,52.1247543544237,90156.726285063
"529",4645.88473979291,1,1,47.9564569665545,96727.7347299632
"530",3629.9468671749,0,1,47.2745701596534,87947.0581078495
"531",1454.07424435718,0,1,32.4680230648693,83709.7722763061
"532",4804.5893816698,1,0,51.405957970781,86430.9879549956
"533",3342.28414945676,0,0,35.689199672003,87853.3726377419
"534",270.526769843658,0,1,36.629159923321,63603.5277785097
"535",1435.0305984335,1,1,30.1843823810669,85627.0625737443
"536",3282.32528731298,1,0,46.6770447410204,72020.5218199019
"537",1262.34733618944,0,1,51.5519243097973,74365.7183992206
"538",3231.41132583449,0,0,55.6145481976622,56610.5546673363
"539",854.076951056737,0,1,30.6963162249984,73608.658060979
"540",2977.40098090568,0,1,37.6767287367786,90266.9760957638
"541",6343.3860421526,1,0,39.5555275936005,112796.733781872
"542",2463.35782226709,0,0,44.4821648593846,74333.0007896043
"543",475.625015118229,0,0,36.0784253789054,61977.0869820925
"544",4847.88372358269,1,0,38.4295773479771,97084.0631891634
"545",2958.06492827925,1,1,38.2289738558844,84649.1259918288
"546",7187.38537740586,1,0,53.390566249125,119677.781690834
"547",1004.94821949863,1,0,29.368359180658,69307.1057945573
"548",584.559131316299,0,1,36.2686964748006,71004.4659934864
"549",2529.49643398773,0,1,45.2947721905574,64013.0355576442
"550",3278.72054755106,0,1,48.9405546931466,87778.0652452844
"551",-54.7725244175554,1,0,36.1880651164173,38933.3036238133
"552",5046.21336751858,0,1,65.1874439818177,86738.4783156788
"553",1653.13470145633,1,1,29.5046292977269,76571.8273480466
"554",6349.90650752554,1,0,56.3544440601492,91197.0060381331
"555",59.516897787923,1,1,28.8167091863823,58696.1477834986
"556",4728.96286271368,1,0,39.7675597321385,96592.3080744249
"557",2175.21228049112,0,1,42.4726167407607,68126.0136923046
"558",1855.93858654177,0,1,57.0467061642157,54437.1720861999
"559",3278.29551986845,0,1,58.0668186432467,68714.3024805583
"560",5132.08620127744,1,0,43.421670804397,99023.7209202473
"561",4022.19458000405,0,0,35.249954070174,113508.864416837
"562",4217.26803607202,0,0,47.6517055377262,95393.8655393803
"563",7004.3756056392,1,0,55.9044835811032,91733.3765731964
"564",6426.5149914927,1,0,54.1313644021815,91826.9465326052
"565",3303.81938597906,1,0,49.7024598895566,57317.1075545826
"566",3614.44937819831,0,0,34.0503566421334,103294.865964306
"567",1043.60339266134,1,0,38.0784269348087,44410.2940007405
"568",2589.78621454831,0,1,42.1206598919596,104307.79907166
"569",2058.52276211724,1,0,20.8844108871651,92176.7609446663
"570",1257.78937047198,0,0,26.6444751302291,79599.6673451794
"571",4515.64723319995,0,0,42.0327235281248,92417.699545588
"572",1256.11788485417,0,1,44.0118149827122,67876.3895386498
"573",5164.97163615373,1,0,38.3217628704414,107937.167852897
"574",4116.68096628359,1,0,41.3689689639669,87270.0359430771
"575",2091.20784118747,1,1,39.6813788583154,73174.8903918697
"576",1556.21938908586,1,0,47.3035853432703,48079.2375777167
"577",1264.08744467036,0,0,40.7178007743921,60980.1329167195
"578",3192.57161661505,0,1,36.5654129634805,98469.3584856539
"579",4620.67265181424,0,0,60.8124847711286,60495.4461306063
"580",4820.45243303705,1,0,48.4790595997015,87507.9691479488
"581",242.40198093766,0,0,33.2500278507588,63344.4062066782
"582",2743.08254717363,1,1,34.6505161381619,98736.2699737105
"583",5224.20320922721,0,0,41.9177174291282,115960.849693114
"584",2018.00499665699,1,1,33.0992231640968,83687.5149781879
"585",4017.50791398189,1,0,30.6078193155759,110893.562755216
"586",5063.63422051402,1,0,46.8547544379904,81219.6650109676
"587",4025.45511919008,1,0,38.4098791830113,90323.7999667723
"588",4928.21538299983,1,0,50.0770010635007,92387.8576083345
"589",2510.8641267552,0,1,42.4316833211313,88115.5300689974
"590",4174.58980576758,1,0,47.0819236999575,78840.1719195514
"591",5470.48201439238,1,0,45.8356627460842,82629.5099578859
"592",5171.331557449,1,1,45.027059033563,108661.745595079
"593",2219.74434045871,0,1,42.3363129083127,75648.9043824307
"594",5532.35386549272,1,0,50.2541977760908,100348.76183058
"595",-341.869597754407,0,1,39.9678813295553,52079.3493274336
"596",3068.89145333936,0,1,40.3075089158877,100212.30433014
"597",4122.8121361789,0,1,51.813810706036,111371.475857088
"598",1186.94878753464,0,1,39.1980849772097,56637.4295904095
"599",-318.624356663545,0,1,39.6607318324116,54896.652536514
"600",-3224.13713776824,0,1,27.0789007988735,44595.590056894
"601",4062.18163855974,1,0,48.711393759508,77250.8275250173
"602",5881.76412939561,0,0,52.7376694851026,90470.682966854
"603",2838.55022426581,1,0,21.3832938940072,82752.8058832925
"604",4316.99326914891,0,1,51.159060142218,106131.110273879
"605",6331.43182519113,1,0,49.4469131432758,109061.202653785
"606",-929.497158820258,0,1,26.970941107178,69266.8505998494
"607",2694.00485656614,0,1,54.7953536355294,61641.9109759503
"608",2259.33156937655,1,0,34.8736640606012,75670.174271134
"609",-570.132207298117,0,1,43.6536074376672,52196.0971260874
"610",-741.986762847454,0,1,39.6316674745717,32519.833421043
"611",4037.71801999562,1,0,39.5410574431495,96423.8128922354
"612",-56.9277878100347,0,1,30.9299403987615,57832.3643683775
"613",2829.71796067926,0,0,43.1917527939993,72040.0817104256
"614",1490.06896303224,0,1,37.4280114774412,62160.5798887812
"615",4712.29688985365,1,0,39.397657255666,78168.3703981288
"616",1969.51968128755,0,1,48.2255918698733,77026.2166123473
"617",4077.38801347688,1,1,50.6220095681274,80760.6952376945
"618",1105.39335510805,0,1,37.2318466918035,72175.8643271632
"619",-81.6449662853233,1,1,29.4746303517238,53834.3979794249
"620",2117.86035833032,1,0,42.591263814129,65687.59406471
"621",5071.71614693055,1,0,57.7936599427421,77429.4903648823
"622",3072.78896210089,1,0,26.3735539878661,84226.2500863229
"623",-1697.07010409994,0,0,29.7717416525534,31916.6432970172
"624",6262.72071491165,1,0,53.6011604512725,68064.315076117
"625",4110.59130671924,1,0,60.5093323552152,54401.1052638316
"626",4844.87572284578,0,0,59.6376715512917,97917.4470430612
"627",-448.40129643242,1,1,26.8488061689898,61526.2694460803
"628",3608.60697296113,1,0,39.305809427061,83667.8077242743
"629",3911.91823985239,1,0,42.00711341739,58493.8410992571
"630",4439.90614561819,0,0,63.4775672373875,68715.9619368676
"631",2644.87810862879,1,1,47.7257419396468,71706.9517643628
"632",5416.46284932378,0,0,46.2126295387034,121537.964044445
"633",-86.9398530524095,0,1,44.9302013772486,38947.2282555382
"634",944.640182614979,0,1,33.827653331008,77987.8792090495
"635",4818.01851328568,0,1,53.4058387894831,105564.080977366
"636",4313.27721093262,1,0,48.3986482088199,83712.0216969295
"637",102.976877490841,0,1,38.1474523090316,53067.1651815045
"638",3254.06362405717,0,1,55.1834170721036,73833.0041712617
"639",5129.54666441695,1,0,52.0304392769213,87455.794742998
"640",959.993516526964,0,1,50.2371965836904,66712.6497173083
"641",1944.40242775635,0,1,32.5833907861978,90243.8311810198
"642",2141.1624212164,1,0,26.2109463487645,85269.2127654369
"643",279.756058366185,0,1,48.3882394144582,41578.5522210425
"644",4089.74447690695,1,0,52.7756546532133,48322.3259758068
"645",1901.34082627162,0,1,43.0308453854,61889.9941635593
"646",5489.66296117547,0,1,65.3190141301461,97465.8957807331
"647",1304.19499835083,0,1,37.0823417974416,72810.0582123969
"648",424.702985890491,0,1,26.8674099053418,70018.8002117015
"649",4163.75661631489,0,1,48.0083297194901,99814.8762186113
"650",3869.48751457163,1,0,43.9621774861825,90441.7716028393
"651",3451.40956520159,0,0,48.2212328610893,71739.9298035681
"652",3776.84081454869,1,0,35.6462326713468,87871.2983342262
"653",2355.69975475955,1,0,51.9502847567973,37610.2717250912
"654",-579.828297021615,0,1,37.6662163273897,41754.5609464791
"655",8308.71008251682,1,0,55.1865985710855,107639.096872306
"656",1727.38110828796,0,1,33.9017663212832,82927.8528079563
"657",813.138201549278,0,1,40.2157407063488,58859.8367709459
"658",2851.88854038402,1,0,45.6735793842462,68219.8068370258
"659",-501.106051587725,0,1,38.1802527049894,60257.2695735488
"660",5878.67540437772,1,0,44.1396986394238,108856.311832498
"661",1716.04725960877,1,1,26.508429282656,72457.4914041079
"662",-498.041262903625,0,1,38.5379336149158,79948.1753705908
"663",-931.333500040325,0,1,30.313738406456,57180.5752429613
"664",3686.34753922638,1,0,40.7837843952274,90953.5291557287
"665",6512.95436989729,1,0,46.9232668534172,94612.8929204263
"666",3086.37101007267,1,1,31.9803564976843,93119.197039712
"667",1557.10224486887,1,0,30.6408728254046,83952.2623324305
"668",728.515672671816,0,1,46.9881297589883,40422.3768559843
"669",4276.80761943241,1,1,47.237307022943,94103.5714461978
"670",4657.12114743971,0,1,45.7567873820244,113465.9241832
"671",4214.02595324881,1,0,37.4295151673861,102425.345060811
"672",3542.54378885572,1,0,41.9241142679739,84112.2524858315
"673",2743.20333149679,0,1,30.126838923519,99139.5626714241
"674",1545.20863135967,0,0,49.9797948637084,48127.5059427039
"675",3796.95416932372,1,1,56.2757988021623,71244.3445578938
"676",3361.71056978151,1,0,34.3789804433361,64845.363763209
"677",1982.04148931434,0,0,37.7875933310107,72595.5715683575
"678",2015.94890136559,1,0,27.5937173150629,86399.8253324008
"679",6768.42997134585,0,1,53.7922877573403,136097.416191681
"680",1976.56940465877,0,0,52.0559631235171,50393.7251625935
"681",1023.42980769096,0,1,32.6389366494294,87201.1133000062
"682",3892.40447822089,0,1,54.5465341317217,95771.1910509519
"683",3864.37412794913,1,0,52.4238404169796,68663.738265765
"684",2816.34960093293,1,0,56.8846747518442,48815.9344491956
"685",1003.63652944702,1,1,33.286213700572,69736.674590671
"686",6536.84111426124,1,0,47.1358020058349,108556.146267264
"687",4190.60950705111,1,0,44.4042004788321,56633.1433323785
"688",1349.88846612464,1,0,43.608337346137,50006.1229344302
"689",6150.06236766563,1,0,48.6448399918904,77647.525964468
"690",4118.07613534558,1,0,57.3405678532967,56986.2991701902
"691",2177.09035694516,1,0,48.2237432315422,43339.1964115956
"692",3014.98703005152,1,1,45.1037709851601,80983.4168885588
"693",3244.21208189234,1,0,24.6372002608503,103046.476217816
"694",5146.75511048527,0,1,43.2913903859224,130890.25312991
"695",5575.10958956842,1,0,40.8296875990678,90724.6477129939
"696",2773.8912679598,1,1,35.6831514865757,95626.6667652481
"697",3603.37608284238,1,1,40.5769685216355,84892.0807557432
"698",5860.29419057132,1,0,39.9692803618039,105693.017881562
"699",4806.80155263922,1,0,52.1622506550286,73764.9368813675
"700",6969.37606812252,1,0,50.4735731301017,114041.087688476
"701",968.741024705839,0,1,25.6098383547546,91171.8490752923
"702",4575.95735131355,0,1,57.1706492300355,95500.1084840326
"703",1375.83018470704,1,1,31.5653237789064,59143.3587142667
"704",3784.73609824911,1,0,31.4358816490549,91366.1059683864
"705",-2064.56403232057,0,1,37.2926256140322,14946.5885439787
"706",4772.69763965893,1,0,57.4734768157758,67926.1567524788
"707",1943.88555262325,0,1,30.7681330316363,111290.687629362
"708",1378.93938626557,0,1,48.0480244906958,37147.8474932659
"709",4457.41379181137,1,0,52.8454907203913,89723.1897634187
"710",630.77870184549,0,1,36.1028657306212,90752.7961991593
"711",5323.24124930771,1,0,37.7836557775477,112106.802673291
"712",1935.71152536849,1,1,43.3146138032794,57797.3414274374
"713",2949.75237896743,1,1,37.8662113204053,92470.5901850422
"714",5053.97506510107,0,0,43.4837250642595,97806.2566728085
"715",1310.77932711201,0,1,39.9889906379675,70170.6841331457
"716",3958.20896533766,1,0,48.1274208273421,71309.9201523518
"717",7592.41874538848,1,0,58.7947184061552,93374.6603164297
"718",5126.9508757395,1,0,34.5421240687503,94328.5606518549
"719",3218.17898985912,1,0,22.112440638245,101977.006045491
"720",2046.7646644537,1,1,33.2177397661209,82742.4083685257
"721",2346.85714605558,0,1,42.2365236446107,77911.0904272146
"722",3172.48334634061,1,0,42.209076323979,67693.0754684913
"723",2674.53439703143,0,1,45.1627170264383,89877.3331223114
"724",6837.86033601085,1,0,69.4856539401742,91499.5775687258
"725",6177.28724742827,1,0,48.9568544063387,91815.2524924261
"726",4358.98110935769,0,1,34.5114024395713,115366.936251268
"727",455.378502677478,1,0,22.6943690376126,62436.3169323554
"728",5362.65170381936,1,0,49.0556061034106,84204.1870635191
"729",-2389.0146594572,0,1,39.6295560278053,77950.0000682941
"730",2303.18449109436,1,0,33.6310342477195,58807.9884593176
"731",3289.21759090442,1,1,40.3243859024662,79627.1377580658
"732",5970.8361688323,0,1,62.1583790255126,92360.9307222689
"733",1267.77832858793,0,1,53.0311810336196,50249.0800423765
"734",1795.20763687603,0,1,50.6196898276723,59237.9221028138
"735",1543.8884557094,0,1,35.8150395874611,93037.4460238116
"736",2430.59630885072,1,0,41.0561186236666,72670.7010916624
"737",1745.16234709509,1,0,31.8021526833189,74005.298463329
"738",2812.17347363685,1,0,39.8779180111718,72062.4229549711
"739",-1263.19011877623,0,1,30.3399945705171,43698.4350014378
"740",5288.49260409787,1,0,45.0319090625459,91381.9099994157
"741",1001.97204982882,0,1,39.0142390829163,63013.2855313912
"742",1742.85415052679,0,1,28.7343260709337,101170.898348973
"743",4624.16031041311,1,0,38.4124769308233,100898.832058212
"744",5555.74842368344,1,0,54.7853796632285,82893.2188678776
"745",413.335521937031,0,1,40.6159812986185,52095.9842709532
"746",4243.24123311897,1,0,46.443559881197,76274.2160632462
"747",7516.84522356415,0,0,59.0293405922785,109963.88841489
"748",4363.53603820622,1,0,43.9758457010067,72998.8921834215
"749",2173.09199157469,1,0,31.7715515353886,63031.1821294796
"750",3193.90743752004,0,0,48.1223133718959,75538.2956004058
"751",1830.43274133775,1,1,47.99870764654,57919.0461681166
"752",2457.50533602075,1,0,42.1276501229239,69439.2484433559
"753",4555.73073211344,0,1,61.8303320815528,89184.745514367
"754",3489.30600292559,1,1,33.4747683155263,99719.3239882021
"755",3848.93344113849,1,0,36.4640004993416,107347.914825551
"756",1933.7533878854,0,1,48.0493343520446,72375.1505039934
"757",6644.40938036809,1,0,60.1900570798294,93758.5246314399
"758",4621.15232060468,1,0,45.4918421443019,76152.6087855511
"759",3273.16332881981,0,1,34.2044731805339,125007.781018549
"760",2357.46172697962,0,1,46.0663163079305,84796.8901400805
"761",3586.41878372528,0,1,39.6380908537182,101299.600759281
"762",2312.88405685337,0,1,52.5242256455761,63967.7316725518
"763",2232.33383289167,1,1,34.2414594508334,81781.4561808786
"764",5968.53101924485,1,0,66.1748890442121,74524.3276840614
"765",3533.56447858672,0,1,53.0409278266017,86387.1563368577
"766",610.194283817989,1,0,26.9849635895469,56947.10546094
"767",3798.53946857235,1,1,38.1768353394384,91825.4439193684
"768",3213.81959158485,0,1,46.8155671196048,98082.9640509417
"769",6651.00504177363,1,0,52.6859309600035,120952.070706835
"770",6838.40661464158,0,0,45.0183283255017,136429.348755408
"771",3853.64296182607,1,0,34.2940721482328,87999.3637986781
"772",5441.08522528714,1,0,43.0116563697018,91932.1815590463
"773",4945.96252944502,1,0,41.1379632398095,85619.1500253868
"774",5220.99259996586,0,1,60.2561333420125,103942.132789188
"775",-1319.07590353695,0,1,22.1904827856005,52310.3168323933
"776",2052.88791824771,0,0,37.8070265708293,81869.7680168162
"777",2855.12401829564,0,1,34.2363036816025,97133.6655652874
"778",6705.93022842351,1,0,47.2054834493109,113493.517110176
"779",5784.54045368139,1,0,47.7775430261593,99160.3211899265
"780",1753.03593615061,1,1,37.0555252540146,58261.269529013
"781",-409.641500545741,0,1,32.1465046421905,75232.6339573787
"782",1316.65566266515,1,0,42.742188716132,44317.4257516713
"783",2249.11362108043,0,0,35.1381805812402,80207.7855845153
"784",952.044972164515,0,0,50.4922867857894,45217.0809245839
"785",1927.17551385028,0,1,42.9910559893732,71284.4328451359
"786",2011.02497133179,0,0,36.5449380512533,66369.7231232803
"787",2882.60237333457,0,1,39.9779079984265,105481.313845247
"788",991.71861273773,0,1,42.4094744180949,79451.092024635
"789",4908.33748647154,1,0,55.5270592817665,81685.3345630051
"790",5477.51339004566,1,0,33.6338283899181,100804.130493056
"791",3593.25742220818,1,0,40.2176925051566,83142.932565074
"792",3391.13859150932,1,0,40.7559278059347,94492.4571750471
"793",633.912309361652,1,1,26.4863158768922,76872.3616599257
"794",2545.41151463728,0,1,43.7960037705422,77422.8337282212
"795",4607.34270897386,1,1,47.3292072848131,76961.3941410399
"796",1997.05376586268,1,0,39.2565331220805,71096.9975282423
"797",2155.83747789148,0,1,50.9461254238242,78379.0195150604
"798",9189.39441710511,1,0,53.5192576045443,128599.733098748
"799",2337.29286818557,1,1,48.3185953742839,69295.765438599
"800",2092.89539774721,0,1,45.4757668240614,71444.5232217563
"801",3174.33594003714,1,0,32.7436232131756,83129.4247220278
"802",5019.05096262669,1,0,49.6177417419204,68246.0701710216
"803",2078.51687760476,0,1,29.2958786667027,106751.068732494
"804",5084.41550838793,1,0,52.3670741900975,81028.7427539316
"805",244.830101756764,0,1,33.3875401980748,76003.0293269089
"806",4182.17544852077,0,0,40.2494119363496,99961.7447578639
"807",4031.58286483866,1,0,45.746873162161,84979.8947808803
"808",3316.05577923114,0,1,53.3747838238635,81586.6926957012
"809",1767.70816338244,0,1,43.6036945811126,81180.7855307088
"810",2484.8867354833,0,0,40.2218182019815,65988.398129065
"811",4308.5771496666,1,0,43.7180508390958,77603.9057553048
"812",3980.61528223909,1,0,42.091200858383,83465.7967548949
"813",173.395312305503,1,0,39.0013450583277,30237.3819141018
"814",4909.69295824795,1,0,40.9233634878196,87650.8551374369
"815",6620.64872240234,0,0,58.0253202525042,104821.738364676
"816",5927.7260948369,1,0,45.7652071997194,110604.430821827
"817",2026.39586170281,1,0,35.8684346421401,61058.9294185358
"818",2845.48228256057,0,1,38.4244900584182,92367.7505317071
"819",4673.99527230996,0,0,42.6021100536275,108515.025357459
"820",7014.52185066572,1,0,56.1682013510212,99459.7969911496
"821",1682.43927412666,0,1,42.6613585955893,53717.2285055242
"822",4600.40267084938,1,0,41.1806936534938,81292.9978254152
"823",1440.25508508717,1,0,31.0393208300496,50832.1452204651
"824",2729.3079722088,0,1,50.1225647242556,77177.5234907809
"825",4521.21582353057,0,1,31.1090220026334,135619.453578926
"826",2491.92535247268,0,1,51.6285032497981,64807.749768302
"827",3468.63088562081,0,0,52.1389718381274,65675.6961409147
"828",4059.85348254638,0,0,48.2438503402434,95136.4925271373
"829",4103.51745967429,1,0,39.1310310807679,77419.6719740551
"830",4340.38913782325,0,1,60.7642682968932,83925.0332958556
"831",62.1048193644856,0,0,39.613470281878,38360.4847881425
"832",5088.69766847113,1,0,36.9586987622748,103720.316843427
"833",4661.32157086503,1,0,50.7678283467744,64809.0765861056
"834",3004.14509955133,1,0,39.3671346901554,70740.5163420507
"835",3389.5637857214,1,1,34.4026794322837,105947.901176876
"836",3942.07127722336,1,0,41.723446972193,80018.1440663106
"837",3485.71770198772,0,0,49.1231864123261,73207.5155334777
"838",5618.62196420767,0,1,44.6110430983001,103150.082466448
"839",4388.24985065149,1,0,48.1696484980333,94057.7799361615
"840",562.366372745806,0,1,30.3460899958439,76997.0222344033
"841",-813.77562433257,1,1,36.8004382558457,39598.6592932736
"842",5059.81554399471,1,0,53.1943054121256,82321.1536921583
"843",4498.01184558018,0,1,41.8091886143824,135318.882090247
"844",3861.84742538162,1,0,36.3907143571099,76891.5135474372
"845",2829.69504609916,0,1,36.3018614378032,97129.2609774692
"846",2259.87181574924,0,0,39.6015635575074,70446.1612116588
"847",2064.48793692372,0,0,40.7544616827866,70204.0127305848
"848",2304.8612535123,1,0,42.2256102542708,68125.7207484116
"849",3908.71930475265,1,1,57.9309586187846,72680.8957207339
"850",4212.01699865145,1,0,52.5383554008619,64427.5412549444
"851",5745.93705562216,1,1,58.6715295385037,91114.6726901227
"852",4876.46276660074,0,0,46.5847634040022,108660.038827567
"853",4122.75311012593,0,1,56.4130741534879,75285.2920139532
"854",2806.33430386634,1,0,42.279780763776,76541.4389565385
"855",3464.87621511013,1,0,29.6364404482425,83399.6132020651
"856",3204.72756052123,1,1,42.0094789185084,86280.5130675256
"857",2530.51382363498,0,1,38.5134093430964,89522.0309014164
"858",1471.14931824599,0,0,37.4785610627966,67528.9225504973
"859",-1409.597965347,0,0,24.8108371597358,40524.4051240564
"860",1836.50292742886,0,1,37.2958996656557,87256.8234863511
"861",1653.46266552247,1,1,38.5055636899445,65022.9512130038
"862",3096.20303821438,0,0,50.2208622552612,69783.1163934065
"863",6089.96151451711,0,1,57.1265037652199,114691.562361576
"864",3640.89070662222,1,0,44.9068866686943,71305.1612861371
"865",3351.60970158697,0,1,38.985125132205,104258.263975036
"866",4654.58572505381,1,0,41.4911079539815,87243.8697004367
"867",3300.07606547431,0,1,36.7739852320714,104799.803655251
"868",3531.55095430821,0,1,41.4946074304881,113648.40777891
"869",4540.05622876642,0,1,53.8119097508933,80057.0292711018
"870",3761.37682035475,0,1,28.5382377416608,100315.001009566
"871",-1391.88217747363,0,1,38.1292396090374,22121.1978300955
"872",3634.42228513944,0,1,48.7049012844535,93733.6375932526
"873",174.442023998592,0,1,46.881073815196,40991.5939612543
"874",3171.44194371941,1,1,42.3735182192699,80436.231475001
"875",4908.49354499532,1,0,38.7554013025698,80301.8146417543
"876",3853.36921601118,1,1,41.1856274326794,82074.6012752636
"877",2289.00774752642,0,0,51.1697487823481,34528.9167489111
"878",2320.66256826024,1,0,50.7208166814867,42991.7845462905
"879",254.437736126724,0,1,29.1062583801202,79104.6516352479
"880",4413.0301222713,1,1,52.6968168363243,79144.3056742979
"881",6368.30780548905,1,0,62.9855384454006,67667.3495827333
"882",3605.69439795074,0,0,47.3520185900065,82642.2647369577
"883",5925.94080621759,1,0,36.0543161086218,120973.92205456
"884",3386.16795328604,1,1,31.9346208588996,96807.5423918359
"885",-22.3499003735674,0,1,45.2131632485614,75041.7988556288
"886",2568.35814912196,0,0,43.0669049796749,64810.4318186252
"887",6309.97457453004,1,1,55.6570411161083,116384.65754596
"888",3438.80848181712,0,0,45.0794749550596,74094.8237730829
"889",6342.05415454808,1,0,46.6881656345879,117144.437171522
"890",3388.44800326215,1,0,35.0596913231328,80527.158794348
"891",3053.58203404644,1,0,44.5733990620405,70536.6963878775
"892",1872.97258102739,1,0,39.4962388801792,49378.7698828645
"893",5796.49430457164,1,0,39.937022278412,100440.075620305
"894",2830.02981707062,0,1,41.6787213215258,89224.1671339894
"895",2986.2102765401,1,1,34.7356363562509,87441.7777097297
"896",3598.18806147334,1,0,42.9302396885167,74819.4968178389
"897",3395.62166436941,0,1,51.9058580691488,83841.2364328006
"898",2145.91980486504,0,1,45.3683271602934,67813.7249385679
"899",2306.19564026084,1,0,46.144165628293,59740.7811862839
"900",2870.34183810042,0,0,43.5593719179538,61020.1712527619
"901",490.418253129245,0,1,41.5992897262805,56916.7512168108
"902",1783.1707219634,0,1,34.1877042020538,79740.2784496079
"903",3923.52225076826,1,0,30.3925456686722,97088.0860808318
"904",3683.05721195205,1,0,46.080013711078,63489.9158523839
"905",2003.36404156849,0,1,28.4593552343068,95704.3020026258
"906",4085.55297737125,1,0,30.4768555080066,120269.960478426
"907",-1222.33013407955,0,1,35.6736633816534,21581.848777001
"908",6660.82768742573,1,0,47.9742694791377,103615.323892766
"909",5286.3145277927,1,0,52.1305203406347,89686.2302954884
"910",1692.41546252217,0,1,37.7603748208764,108302.623171141
"911",-49.1377362575927,1,0,28.6771281776346,34164.3575956284
"912",4494.09598086002,1,0,43.0221238395548,58962.1653703886
"913",4297.93577384817,0,1,47.1060656040996,111425.553113525
"914",1867.12974526357,1,1,45.5275278925155,64012.13248457
"915",3450.4628451294,1,0,48.4712630930912,68384.5556406084
"916",2875.91025500442,1,1,45.842255123032,59319.2434708782
"917",1487.08811517726,0,1,41.7463780825864,98402.7843124182
"918",1138.83397133145,1,1,28.4192553837028,85514.295651393
"919",3452.78231145366,0,0,44.1050756112159,76684.3429612811
"920",3715.09417708881,1,0,29.8953559196106,102297.159956395
"921",1770.3722687663,0,0,32.5526606122901,83951.5370200001
"922",1922.48599992761,1,0,28.5440466338623,63346.2974187824
"923",2268.3057452244,0,1,29.2868207746333,99104.5106029921
"924",2633.296389093,1,1,42.7261783149058,85915.0692295622
"925",3096.79638542424,1,0,39.6119132408595,84154.8780232343
"926",2726.72836601286,0,0,37.0114668168648,78746.1290630313
"927",4307.27471283302,1,0,49.8992787937491,78895.9398775756
"928",3245.34048006764,0,0,33.1994986044552,103323.593620274
"929",6799.70036291615,1,0,49.8740279612513,115309.692442163
"930",997.039434612281,0,1,46.1600549589371,56988.2804540308
"931",5939.94814906098,1,0,56.8602478749951,72981.1860955317
"932",4151.74858519811,0,1,49.8413546494209,91294.3260078841
"933",6030.06111425406,1,0,38.4012501297416,101299.251753254
"934",3397.13753169635,0,0,42.3083825825349,90421.8634752852
"935",-497.466708169663,0,1,27.2221667754104,79057.3747668646
"936",279.775414630133,0,1,34.3429687523426,67910.6214994061
"937",2141.10878819239,1,1,52.5593068057926,46056.100283795
"938",1049.41006592259,1,0,23.471910162551,65939.6008808002
"939",3370.81312463963,0,1,41.5957428758225,86379.4132599989
"940",4599.51220789566,1,1,46.8815782095,87378.6578186608
"941",2647.96950181602,0,1,53.2326958421205,75040.3449079542
"942",3132.09910946833,0,1,48.3587094912971,98352.6375349172
"943",1821.8025744407,0,1,44.6228100332043,80010.632044932
"944",1770.60617383714,0,1,44.6264448061773,82248.2193973569
"945",753.096840978074,0,1,38.4955152625282,69520.3909232696
"946",3333.83116872339,0,0,51.438727308192,76157.8014618417
"947",1526.82952473411,0,0,34.3111076229292,70226.1013263151
"948",7828.09019983562,0,1,65.911493932821,127711.331370139
"949",156.66100366699,0,1,32.4761382492422,64252.6926244893
"950",1409.56752529458,0,1,55.1694841675934,50445.3576233321
"951",3223.90573208745,0,1,49.943021768986,121523.761381774
"952",3959.38091017043,1,0,41.4651444352709,64769.5198875928
"953",5948.4782304431,1,0,53.968949707014,91356.2287399697
"954",5044.05900581882,1,0,50.9409197439012,77457.1196200367
"955",-2.28607663605726,0,1,45.621253333888,65292.0134457579
"956",3755.15249578832,0,0,45.6249643187085,80333.6839494182
"957",1648.30298682637,0,1,46.5113403714488,75455.6042822925
"958",561.156072564492,0,0,37.8118753424886,36545.0159464136
"959",5918.11705840432,0,0,39.9610714801623,116478.73419664
"960",4499.96605225436,0,0,34.1061307133554,118526.177470914
"961",5703.77182236162,1,0,49.3920826563136,82108.8685380786
"962",2881.60836216668,0,1,44.5298685039797,87758.083277162
"963",7012.5563904385,1,0,46.9196840443447,114511.306108349
"964",2637.47460834334,0,1,48.7279653695659,62726.4466165925
"965",6991.39660751114,1,0,41.6827957636797,121738.681948598
"966",5790.75538431429,1,0,51.1832672640016,97105.7834982309
"967",1807.07470030168,1,0,38.2795271561377,45219.0965096972
"968",-161.652307326955,1,1,25.3371799060833,73729.705170831
"969",1985.08094118897,0,1,45.2631449903633,63207.991111183
"970",6874.32335383556,0,0,59.348882025868,102915.009223294
"971",964.210404349928,1,0,26.84488530889,51144.0124968735
"972",2404.20100711481,1,0,35.8996455129758,74280.3772284633
"973",4931.37861462613,1,0,42.6495349168861,102215.329317047
"974",1275.2814254838,0,0,35.2319127311765,65874.9936886103
"975",5074.04614804475,1,0,54.0575413952939,83109.374505252
"976",3467.86830061149,0,1,47.6869237580332,75651.4140835837
"977",3962.25487314567,1,0,34.0181983770822,91185.5460637217
"978",1003.43255015637,0,1,51.0072801047557,54614.5438210401
"979",1396.3270983879,1,1,33.4846539100688,72423.5481300486
"980",1811.55560149868,0,1,44.7053463631499,59234.1011835551
"981",3999.34501020385,1,0,45.1437071295274,82622.4728637835
"982",3078.0738222353,0,0,33.8347135789657,95327.9305699821
"983",1089.07861424541,0,0,26.6675820055867,89027.7989389509
"984",3910.14639361488,0,1,47.4093691145737,95040.2195579785
"985",1233.96163737745,0,1,44.0025664017067,67915.9681115336
"986",2801.19956244976,0,1,50.5404399958981,73002.616153282
"987",3731.21390932934,1,1,48.1173808732111,87295.3686754883
"988",293.516046824379,0,1,32.8873732097131,76268.6690139808
"989",156.352404252817,0,1,35.3181865282192,62839.7259400985
"990",3542.43487476572,0,0,42.5931729547526,87503.4759924084
"991",3832.19158843717,1,0,30.5000538706922,82295.3813171297
"992",3206.83703826871,0,1,40.7343002367521,95881.8593396559
"993",5087.22197979732,1,0,48.1350624712395,102391.07133765
"994",4669.92235130041,0,1,48.1109917864569,113448.66014964
"995",2362.3755055192,1,0,37.4494298243976,66847.0397784311
"996",1880.90352748143,1,0,33.1648936846668,71195.0563851516
"997",2617.31630681432,1,0,36.9576338454359,90402.8564335183
"998",2311.27521109254,0,1,53.6910355319298,65830.9088483747
"999",6204.09333549998,1,0,49.360930166451,101600.846025245
"1000",4141.94786895026,1,0,53.328762996311,72635.7020428881
"1001",5859.93214984541,1,0,62.3785687326503,66029.0794508804
"1002",2323.92810566291,0,1,37.9324679631254,82609.0924794876
"1003",2325.89373623194,1,0,40.1230282729629,60128.6728873738
"1004",4358.08093582238,1,0,37.1159942061745,102687.428738465
"1005",-1123.44814248311,0,1,21.832558092664,60691.989089281
"1006",2654.18130001594,1,0,37.3216951906926,68875.2300292672
"1007",3096.86803239013,1,0,35.3750994872958,87250.5874566458
"1008",201.075164683434,0,1,50.4586272842465,46032.7259394812
"1009",1390.9620950975,0,1,57.065989350637,58287.1858368872
"1010",5366.7241549637,0,1,57.1678902013326,107563.096017865
"1011",4367.45436229203,0,1,45.0731090926909,107977.332961049
"1012",1987.9474637845,0,1,53.965603367897,61783.8041562893
"1013",432.648008411642,0,1,35.1011527299698,56961.5305791107
"1014",4360.0238526996,1,0,42.0322134109509,70608.5104590825
"1015",1632.60387689849,0,1,28.9454050831197,94075.7259157777
"1016",2133.68544024287,0,1,45.6139775475692,75618.1217647901
"1017",3135.85708518928,0,1,53.0405939968384,66421.1703148113
"1018",4944.75968064437,1,1,50.4973074622666,88496.3191916674
"1019",2093.48126817741,0,0,38.8936771621999,73265.0756108483
"1020",1035.59923314646,0,1,41.637637129635,65916.9962538577
"1021",4115.68555068882,0,1,55.1638843445738,87999.9681763802
"1022",3280.03141253274,1,0,30.4300267195271,77148.667891963
"1023",1637.43170829607,1,0,37.7728056334367,59351.7982932174
"1024",4423.12485855746,1,0,57.5242508330798,65933.9426458254
"1025",6430.21339579861,1,0,51.8178011130195,95295.0468010714
"1026",3303.00127845148,1,0,39.9267648196984,59692.2060479393
"1027",4768.69547275402,1,0,40.5034540669951,94509.4481972519
"1028",3907.69741607344,1,0,49.4774971329031,63154.1134213628
"1029",2763.547544739,0,1,26.8672668965224,114255.920680982
"1030",4419.26011156012,0,1,48.1617266759116,102792.683050239
"1031",2531.69103662459,1,0,38.3875485012322,55796.5020922261
"1032",1319.79196683666,1,0,24.0291707815788,84754.1239156241
"1033",2931.34927087157,1,0,49.2582170868608,54676.0389834033
"1034",2395.29251613962,0,1,53.0779078125935,65525.6977510148
"1035",801.66950392826,1,0,23.7378699528566,52800.4202535747
"1036",3038.25395830947,0,1,41.029733762297,110835.579958344
"1037",2171.54569505229,0,1,44.0467496948767,69586.2534379748
"1038",6544.93580453562,1,0,47.0943184427939,101341.571402776
"1039",2558.72378073552,1,0,28.2886153158249,74764.4669881958
"1040",5884.19648671996,1,0,47.9859640394406,83859.0795060267
"1041",2404.78119229567,0,0,38.7055320671842,69663.9554077275
"1042",1291.81633115556,0,0,45.1034430208016,52785.3682256612
"1043",5798.3013335151,1,0,43.7452326525406,107087.032965361
"1044",1765.26700675287,1,1,26.2708333202405,84980.2368289255
"1045",5960.55749276718,1,0,47.166359750094,99071.6575757473
"1046",3582.38626364106,1,0,47.4730330839053,63889.2400157983
"1047",1359.47731594824,0,1,41.1963490048563,61432.4032615326
"1048",1713.06472383143,1,0,41.8125968581785,47976.4106237252
"1049",2866.83464020549,0,1,62.5046873488869,62840.3742409322
"1050",3273.61702454923,1,0,41.5100750244056,64254.4203018444
"1051",3949.41989191712,1,1,42.4265806630225,81353.4739775365
"1052",2841.38424454112,1,0,42.9792279054747,77104.8415546132
"1053",2366.25524737822,0,1,27.0056144290331,124368.002729372
"1054",6498.18590854949,1,0,60.5954698209111,88298.4373338191
"1055",1809.08382524638,0,0,23.1769047192404,95298.7861319606
"1056",6290.03074024748,1,1,63.1567280119746,94865.7056888125
"1057",3306.60576984158,0,1,47.5285758280511,82277.0664083488
"1058",3160.20269167272,1,0,48.489593679713,47031.6448921937
"1059",1416.27375906923,0,1,35.6281430905948,74496.9051509492
"1060",2313.08424945789,0,1,47.9043474955638,78680.3753612649
"1061",1652.91919432214,0,1,30.9543909990427,87195.8252163405
"1062",5458.77456305052,1,0,46.0498601524641,87455.8220195254
"1063",99.396303962968,0,1,43.0448675895941,60278.4857736045
"1064",7611.94873693669,0,0,60.4048847270965,117826.616028758
"1065",4887.56259195117,1,0,46.8987019719333,63390.9228745967
"1066",890.846137013332,0,1,34.0833389117251,78621.6507390874
"1067",3794.23775427938,1,1,26.6038926354852,116814.869862522
"1068",2372.99908240895,1,0,31.1610371570957,60736.2785906023
"1069",-2823.84853239992,0,1,32.1815858265614,33270.8878173526
"1070",8084.32227441873,1,0,57.3823784700097,90725.2801159918
"1071",1819.62628958093,1,0,40.1027624327535,52945.3896112019
"1072",5836.25526923774,1,0,31.3499305909712,129250.608027932
"1073",3052.98386767314,1,0,30.0089177290999,92362.7512467747
"1074",852.99142599073,0,1,45.273846817959,65217.8668893123
"1075",-1296.53405555145,0,0,37.023376010117,61468.7658218948
"1076",6378.59217716703,1,0,44.8181556610838,84335.7631789694
"1077",897.542727637961,1,0,22.0734687831183,71531.4735303345
"1078",3940.66791503877,1,0,26.3414172072085,121321.015435833
"1079",5558.78514786248,1,0,47.68003078838,91609.4896608711
"1080",3535.07718848326,1,1,47.1833815482712,76772.2444328436
"1081",3674.50196999547,0,1,46.6253988552213,90957.7945941582
"1082",4447.51885438031,1,1,34.5652685980955,103690.882821597
"1083",1514.56203233282,1,0,39.4151506929215,85415.3670865951
"1084",1663.4759616089,0,0,32.5599685930737,76792.5653708697
"1085",4449.36372850689,1,0,41.553904518758,83840.6520371178
"1086",1962.68733644962,1,0,33.5613110312891,67921.3105446902
"1087",4136.06800109114,0,1,41.1048072306277,108654.595691583
"1088",3937.9498508813,0,1,48.2646798075418,91150.851274452
"1089",1811.30846362273,0,1,44.5630910741445,60995.0432714621
"1090",3769.8135265026,1,0,41.6996273298213,90495.0827733185
"1091",5094.59011134326,1,1,39.8233523155754,112109.972840082
"1092",1281.94100906183,0,1,38.3344197652699,80461.2429643923
"1093",2974.0694856321,1,1,43.5051408905996,71792.9487145993
"1094",4762.91494490898,1,0,49.0093864515273,79740.044294062
"1095",-1092.07653564205,0,1,31.5849238828145,28065.0062821826
"1096",4180.15596608433,0,0,50.018852853111,90728.3037737093
"1097",5070.88204122982,1,0,51.5213126832189,77431.1709127672
"1098",3042.97682377221,1,0,43.747831354535,81986.9912423867
"1099",1245.23803708564,0,1,41.7178438000205,65939.4010575468
"1100",5237.2061828189,1,0,48.6637772294406,99011.2534480992
